    0.02     2.3031
    0.03     2.3992
    0.05     2.3923
    0.06     2.4571
    0.08     2.3859
    0.09     2.5057
    0.11     2.4543
    0.12     2.5387
    0.14     2.6005
    0.15     2.5705
    0.17     2.6670
    0.18     2.7108
    0.20     2.7161
    0.22     2.7871
    0.23     2.8258
    0.25     2.9003
    0.26     2.9448
    0.28     2.8986
    0.29     2.9490
    0.31     3.0258
    0.32     3.0460
    0.34     3.0455
    0.35     3.1009
    0.37     3.1445
    0.38     3.3194
    0.40     3.2586
    0.42     3.3271
    0.43     3.3297
    0.45     3.4159
    0.46     3.4604
    0.48     3.5719
    0.49     3.5502
    0.51     3.6814
    0.52     3.6794
    0.54     3.7983
    0.55     3.7490
    0.57     3.8613
    0.58     3.8779
    0.60     3.9351
    0.62     4.0298
    0.63     4.1595
    0.65     4.1412
    0.66     4.1870
    0.68     4.2681
    0.69     4.3351
    0.71     4.4455
    0.72     4.4913
    0.74     4.5652
    0.75     4.6675
    0.77     4.6967
    0.78     4.8009
    0.80     4.9475
    0.82     4.9021
    0.83     5.0568
    0.85     5.1436
    0.86     5.1532
    0.88     5.2527
    0.89     5.4795
    0.91     5.5463
    0.92     5.6336
    0.94     5.7425
    0.95     5.6949
    0.97     5.8408
    0.98     6.0046
    1.00     6.0654